image: /home/raghdution/my_map.pgm
resolution: 0.010000
origin: [-20.000000, -41.120000, 0.000000]
negate: 0
occupied_thresh: 0.65
free_thresh: 0.196

